5.000000000000000888e+00 6.462640328585009490e-47
5.034693157380139006e+00 6.060050727504286511e-47
5.069627037794075974e+00 5.686495263853510047e-47
5.104803311530234922e+00 5.339497031787274529e-47
5.140223660466546995e+00 5.016828777228886085e-47
5.175889778150882137e+00 4.716483800407805073e-47
5.211803369882009207e+00 4.436650684420963894e-47
5.247966152791137873e+00 4.175691291143053533e-47
5.284379855924021818e+00 3.932121558574548510e-47
5.321046220323622400e+00 3.704594702855627642e-47
5.357966999113356721e+00 3.491886492156238593e-47
5.395143957580921246e+00 3.292882309045333325e-47
5.432578873262690955e+00 3.106565760082936256e-47
5.470273536028714467e+00 2.932008627462728268e-47
5.508229748168283813e+00 2.768361987561528584e-47
5.546449324476114384e+00 2.614848344610763732e-47
5.584934092339116418e+00 2.470754652288453235e-47
5.623685891823758887e+00 2.335426110171812440e-47
5.662706575764059558e+00 2.208260640200134639e-47
5.701998009850164806e+00 2.088703959876167798e-47
5.741562072717556475e+00 1.976245180451537642e-47
5.781400656036880470e+00 1.870412867146486113e-47
5.821515664604382856e+00 1.770771508523253693e-47
5.861909016432995223e+00 1.676918346299769071e-47
5.902582642844026672e+00 1.587732718017173779e-47
5.943538488559517496e+00 1.502996005085231132e-47
5.984778511795218137e+00 1.423178273484696123e-47
6.026304684354212071e+00 1.347966315413183675e-47
6.068118991721204836e+00 1.277069248299383252e-47
6.110223433157442763e+00 1.210216704512956194e-47
6.152620021796308514e+00 1.147157187682098519e-47
6.195310784739581855e+00 1.087656578908989150e-47
6.238297763154347919e+00 1.031496777534477896e-47
6.281583012370603569e+00 9.784744624166613539e-48
6.325168601979518357e+00 9.283999623293458449e-48
6.369056615932393584e+00 8.810962242513261961e-48
6.413249152640303485e+00 8.363978701515980976e-48
6.457748325074419427e+00 7.941503340455767053e-48
6.502556260867045523e+00 7.542090708355549631e-48
6.547675102413337278e+00 7.164388314309478503e-48
6.593107006973743189e+00 6.807129965199044250e-48
6.638854146777149801e+00 6.469129649244315322e-48
6.684918709124731961e+00 6.145305006242724675e-48
6.731302896494550936e+00 5.838826846488114307e-48
6.778008926646843513e+00 5.548801539118673750e-48
6.825039032730071398e+00 5.274290726121681564e-48
6.872395463387687364e+00 5.014413368500947353e-48
6.920080482865659022e+00 4.768341921693344033e-48
6.968096371120712895e+00 4.535298796390409889e-48
7.016445423929364544e+00 4.314553081240177010e-48
7.065129952997670770e+00 4.105417502775730747e-48
7.114152286071764308e+00 3.907245609527702512e-48
7.163514767049155907e+00 3.719429153518662594e-48
7.213219756090789581e+00 3.541395660219265693e-48
7.263269629733905219e+00 3.372606167330769368e-48
7.313666781005652595e+00 3.212553122405856410e-48
7.364413619537513611e+00 3.060758424509445403e-48
7.415512571680523024e+00 2.916771599183991405e-48
7.466966080621261881e+00 2.780168098265338446e-48
7.518776606498691173e+00 2.650547710882716541e-48
7.570946626521762646e+00 2.527533084126080668e-48
7.623478635087869826e+00 2.410768337721692583e-48
7.676375143902114395e+00 2.299917770646657356e-48
7.729638682097387914e+00 2.194664652896250808e-48
7.783271796355308858e+00 2.094710092305044563e-48
7.837277051027977670e+00 1.999771976177779530e-48
7.891657028260587126e+00 1.909583979331099833e-48
7.946414328114890679e+00 1.823894634655310786e-48
8.001551568693503924e+00 1.742466461838038680e-48
8.057071386265098667e+00 1.665075150105412197e-48
8.112976435390438112e+00 1.591508792380289203e-48
8.169269389049306440e+00 1.521567166055868257e-48
8.225952938768314127e+00 1.455061057532338755e-48
8.283029794749570129e+00 1.391811628054358038e-48
8.340502686000293764e+00 1.331649818903743566e-48
8.398374360463268573e+00 1.274415790453820176e-48
8.456647585148241220e+00 1.219958397519428438e-48
8.515325146264222766e+00 1.168134693581702629e-48
8.574409849352699453e+00 1.118809466321701526e-48
8.633904519421777835e+00 1.071854799603956680e-48
8.693812001081255403e+00 1.027149662307469424e-48
8.754135158678622020e+00 9.845795203272655592e-49
8.814876876436029463e+00 9.440359724387183460e-49
8.876040058588174020e+00 9.054164065711194378e-49
8.937627629521175621e+00 8.686236767654992746e-49
8.999642533912386000e+00 8.335657983636915744e-49
9.062087736871186294e+00 8.001556615771564021e-49
9.124966224080763411e+00 7.683107610324630303e-49
9.188281001940856285e+00 7.379529410784122225e-49
9.252035097711509337e+00 7.090081559902295344e-49
9.316231559657802919e+00 6.814062437871004312e-49
9.380873457195605170e+00 6.550807128392414667e-49
9.445963881038332843e+00 6.299685408686289486e-49
9.511505943344722880e+00 6.060099854934934137e-49
9.577502777867637818e+00 5.831484052607550504e-49
9.643957540103892612e+00 5.613300912588594752e-49
9.710873407445131278e+00 5.405041076592635743e-49
9.778253579329746259e+00 5.206221419955121992e-49
9.846101277395861828e+00 5.016383631150938993e-49
9.914419745635354886e+00 4.835092880395132478e-49
9.983212250548969990e+00 4.661936553330424208e-49
1.005248208130249488e+01 4.500912333604963097e-49
1.012223254988401777e+01 4.348212969021503580e-49
1.019246699126231981e+01 4.202046367281629666e-49
1.026318876354625864e+01 4.062110903827744115e-49
1.033440124814541505e+01 3.928119760197776954e-49
1.040610784993169524e+01 3.799800151536397406e-49
1.047831199740216412e+01 3.676892605978026853e-49
1.055101714284298176e+01 3.559150273136668030e-49
1.062422676249441267e+01 3.446338276380830966e-49
1.069794435671711241e+01 3.338233098093685868e-49
1.077217345015942129e+01 3.234621998158637883e-49
1.084691759192592109e+01 3.135302464349920229e-49
1.092218035574714108e+01 3.040081691520277125e-49
1.099796534015037253e+01 2.948776089634642108e-49
1.107427616863180120e+01 2.861210817120210836e-49
1.115111648982969150e+01 2.777219339130202493e-49
1.122848997769887447e+01 2.696643011611025105e-49
1.130640033168639569e+01 2.619330683211891833e-49
1.138485127690839782e+01 2.545138322199560197e-49
1.146384656432824833e+01 2.473928660861686642e-49
1.154338997093584673e+01 2.405570859279673195e-49
1.162348529992824453e+01 2.339940186800657975e-49
1.170413638089146957e+01 2.276917719730670895e-49
1.178534706998363824e+01 2.216390055713048154e-49
1.186712125011933594e+01 2.158249041791544089e-49
1.194946283115524999e+01 2.102391517794910772e-49
1.203237575007712579e+01 2.048719071376461664e-49
1.211586397118800207e+01 1.997137807880739445e-49
1.219993148629774993e+01 1.947558130149487448e-49
1.228458231491395480e+01 1.899894530685449218e-49
1.236982050443406855e+01 1.854065393572999533e-49
1.245565013033894708e+01 1.809992807817361228e-49
1.254207529638770424e+01 1.767602388876735762e-49
1.262910013481392113e+01 1.726823109621586714e-49
1.271672880652324622e+01 1.687587140538042696e-49
1.280496550129229583e+01 1.649829697040361407e-49
1.289381443796900939e+01 1.613488894897285481e-49
1.298327986467436013e+01 1.578505612956038609e-49
1.307336605900545834e+01 1.544823362821399248e-49
1.316407732824010424e+01 1.512388164508190440e-49
1.325541800954269256e+01 1.481148428864713743e-49
1.334739247017160935e+01 1.451054845395263453e-49
1.344000510768803558e+01 1.422060275973493945e-49
1.353326035016620388e+01 1.394119653677101436e-49
1.362716265640514379e+01 1.367189886318540691e-49
1.372171651614182508e+01 1.341229765395258008e-49
1.381692645026585531e+01 1.316199878552234060e-49
1.391279701103562694e+01 1.292062526971889273e-49
1.400933278229597434e+01 1.268781646877248845e-49
1.410653837969735847e+01 1.246322734075640983e-49
1.420441845091651878e+01 1.224652773129638850e-49
1.430297767587871505e+01 1.203740169154578728e-49
1.440222076698148790e+01 1.183554683333721898e-49
1.450215246931995594e+01 1.164067371198612071e-49
1.460277756091373114e+01 1.145250524537199283e-49
1.470410085293531743e+01 1.127077614944652382e-49
1.480612718994017740e+01 1.109523241282590683e-49
1.490886145009836561e+01 1.092563078604777498e-49
1.501230854542774473e+01 1.076173830331744009e-49
1.511647342202888744e+01 1.060333181929988314e-49
1.522136106032151126e+01 1.045019757540928350e-49
1.532697647528264007e+01 1.030213077859480267e-49
1.543332471668636963e+01 1.015893520636947741e-49
1.554041086934531712e+01 1.002042282635452215e-49
1.564824005335375823e+01 9.886413435499841581e-50
1.575681742433239485e+01 9.756734315250628769e-50
1.586614817367488683e+01 9.631219902381452490e-50
1.597623752879606585e+01 9.509711475790105539e-50
1.608709075338185457e+01 9.392056857496425465e-50
1.619871314764099068e+01 9.278110127772673705e-50
1.631111004855834778e+01 9.167731352074423287e-50
1.642428683015022273e+01 9.060786321533331637e-50
1.653824890372121104e+01 8.957146305919132126e-50
1.665300171812294039e+01 8.856687815909860990e-50
1.676855076001465861e+01 8.759292377584499900e-50
1.688490155412545590e+01 8.664846317512795565e-50
1.700205966351853704e+01 8.573240555644698806e-50
1.712003068985712417e+01 8.484370410156592146e-50
1.723882027367231728e+01 8.398135408528965700e-50
1.735843409463281262e+01 8.314439108480002402e-50
1.747887787181637265e+01 8.233188927885858763e-50
1.760015736398340280e+01 8.154295979302168259e-50
1.772227836985217664e+01 8.077674915141316066e-50
1.784524672837614645e+01 8.003243777261023177e-50
1.796906831902314394e+01 7.930923855116617485e-50
1.809374906205639988e+01 7.860639548765774525e-50
1.821929491881772734e+01 7.792318238553490785e-50
1.834571189201246710e+01 7.725890160933561015e-50
1.847300602599650787e+01 7.661288288547697204e-50
1.860118340706534568e+01 7.598448216481161132e-50
1.873025016374496232e+01 7.537308054335125346e-50
1.886021246708499532e+01 7.477808320508874948e-50
1.899107653095367709e+01 7.419891843275216410e-50
1.912284861233499456e+01 7.363503665958061864e-50
1.925553501162785963e+01 7.308590954739739662e-50
1.938914207294728342e+01 7.255102912194873890e-50
1.952367618442780639e+01 7.202990693344966793e-50
1.965914377852884698e+01 7.152207326391759830e-50
1.979555133234229203e+01 7.102707635596029956e-50
1.993290536790221168e+01 7.054448168479339973e-50
2.007121245249660646e+01 7.007387125783267568e-50
2.021047919898153822e+01 6.961484294597285371e-50
2.035071226609719020e+01 6.916700983846367458e-50
2.049191835878630386e+01 6.872999962993338361e-50
2.063410422851477577e+01 6.830345403418824047e-50
2.077727667359437191e+01 6.788702821748265263e-50
2.092144253950791111e+01 6.748039026136171636e-50
2.106660871923644152e+01 6.708322064584928392e-50
2.121278215358888275e+01 6.669521175235925562e-50
2.135996983153390261e+01 6.631606739142585505e-50
2.150817879053397164e+01 6.594550234819757624e-50
2.165741611688200052e+01 6.558324194557400019e-50
2.180768894604002384e+01 6.522902162919752461e-50
2.195900446298042752e+01 6.488258656588087576e-50
2.211136990252950341e+01 6.454369126206802728e-50
2.226479254971327393e+01 6.421209919413028068e-50
2.241927974010593871e+01 6.388758245972907954e-50
2.257483886018050612e+01 6.356992143681782752e-50
2.273147734766199335e+01 6.325890446305866424e-50
2.288920269188310286e+01 6.295432752345576549e-50
2.304802243414216534e+01 6.265599395338820378e-50
2.320794416806389648e+01 6.236371415436378374e-50
2.336897553996231380e+01 6.207730531864999878e-50
2.353112424920640322e+01 6.179659116733889933e-50
2.369439804858827614e+01 6.152140170045784834e-50
2.385880474469372459e+01 6.125157295144368958e-50
2.402435219827565405e+01 6.098694675989906486e-50
2.419104832462978294e+01 6.072737054579490624e-50
2.435890109397316294e+01 6.047269709798544556e-50
2.452791853182525017e+01 6.022278436809491409e-50
2.469810871939160180e+01 5.997749527582340311e-50
2.486947979395032249e+01 5.973669751798745471e-50
2.504203994924105814e+01 5.950026338954509403e-50
2.521579743585680333e+01 5.926806960917413829e-50
2.539076056163837691e+01 5.903999715030649749e-50
2.556693769207162603e+01 5.881593108507427287e-50
2.574433725068747236e+01 5.859576042631176125e-50
2.592296771946456246e+01 5.837937798315390646e-50
2.610283763923488465e+01 5.816668021604798167e-50
2.628395561009211789e+01 5.795756710302153611e-50
2.646633029180280161e+01 5.775194200779188371e-50
2.664997040422045060e+01 5.754971155333281800e-50
2.683488472770237721e+01 5.735078550277377585e-50
2.702108210352958650e+01 5.715507664156345013e-50
2.720857143432946046e+01 5.696250066703652669e-50
2.739736168450142983e+01 5.677297608098712648e-50
2.758746188064564109e+01 5.658642408662847822e-50
2.777888111199438370e+01 5.640276849018220272e-50
2.797162853084689971e+01 5.622193560460945533e-50
2.816571335300678314e+01 5.604385415954477271e-50
2.836114485822271192e+01 5.586845521223765570e-50
2.855793239063217115e+01 5.569567206376821841e-50
2.875608535920806474e+01 5.552544017766924209e-50
2.895561323820880162e+01 5.535769710192874603e-50
2.915652556763112102e+01 5.519238239352365907e-50
2.935883195366627163e+01 5.502943754674985703e-50
2.956254206915940230e+01 5.486880592323534652e-50
2.976766565407184473e+01 5.471043268563209816e-50
2.997421251594705538e+01 5.455426473293272338e-50
3.018219253037934635e+01 5.440025063887577450e-50
3.039161564148614758e+01 5.424834059263622924e-50
3.060249186238350916e+01 5.409848634124604855e-50
3.081483127566470870e+01 5.395064113501304555e-50
3.102864403388251446e+01 5.380475967419654978e-50
3.124394036003446828e+01 5.366079805821001287e-50
3.146073054805171409e+01 5.351871373660514430e-50
3.167902496329126549e+01 5.337846546182347605e-50
3.189883404303140679e+01 5.324001324365684463e-50
3.212016829697096654e+01 5.310331830593211489e-50
3.234303830773163213e+01 5.296834304353456322e-50
3.256745473136400904e+01 5.283505098321066774e-50
3.279342829785717583e+01 5.270340674331628260e-50
3.302096981165151846e+01 5.257337599691119290e-50
3.325009015215560737e+01 5.244492543534890143e-50
3.348080027426610883e+01 5.231802273351289934e-50
3.371311120889170354e+01 5.219263651636326822e-50
3.394703406348055807e+01 5.206873632636763288e-50
3.418258002255118555e+01 5.194629259260064682e-50
3.441976034822749142e+01 5.182527660073677322e-50
3.465858638077703091e+01 5.170566046407684839e-50
3.489906953915329524e+01 5.158741709570713410e-50
3.514122132154175659e+01 5.147052018189718073e-50
3.538505330590944453e+01 5.135494415602407711e-50
3.563057715055874297e+01 5.124066417378100449e-50
3.587780459468464045e+01 5.112765608923764732e-50
3.612674745893606598e+01 5.101589643161345531e-50
3.637741764598116134e+01 5.090536238307094789e-50
3.662982714107614868e+01 5.079603175724129782e-50
3.688398801263866744e+01 5.068788297848350442e-50
3.713991241282458589e+01 5.058089506190481695e-50
3.739761257810909711e+01 5.047504759420721539e-50
3.765710082987187235e+01 5.037032071509640873e-50
3.791838957498595164e+01 5.026669509924253514e-50
3.818149130641122468e+01 5.016415193928405476e-50
3.844641860379156384e+01 5.006267292902754559e-50
3.871318413405634118e+01 4.996224024746693830e-50
3.898180065202618039e+01 4.986283654321870445e-50
3.925228100102253848e+01 4.976444491972622366e-50
3.952463811348211919e+01 4.966704892069872929e-50
3.979888501157492442e+01 4.957063251643409203e-50
4.007503480782702354e+01 4.947518009017651878e-50
4.035310070574752928e+01 4.938067642537777373e-50
4.063309600045972303e+01 4.928710669311039496e-50
4.091503407933696224e+01 4.919445644007148796e-50
4.119892842264259514e+01 4.910271157692421950e-50
4.148479260417452963e+01 4.901185836715954508e-50
4.177264029191434958e+01 4.892188341611492675e-50
4.206248524868058780e+01 4.883277366078675682e-50
4.235434133278702973e+01 4.874451635947866974e-50
4.264822249870512394e+01 4.865709908218896050e-50
4.294414279773126708e+01 4.857050970121379923e-50
4.324211637865862912e+01 4.848473638204745775e-50
4.354215748845361134e+01 4.839976757463387207e-50
4.384428047293715025e+01 4.831559200485808191e-50
4.414849977747045529e+01 4.823219866646421120e-50
4.445482994764580553e+01 4.814957681305005875e-50
4.476328562998200056e+01 4.806771595053207088e-50
4.507388157262457895e+01 4.798660582975982174e-50
4.538663262605113857e+01 4.790623643934189354e-50
4.570155374378115454e+01 4.782659799886382865e-50
4.601865998309111916e+01 4.774768095221095087e-50
4.633796650573440701e+01 4.766947596112470158e-50
4.665948857866618482e+01 4.759197389904276055e-50
4.698324157477347285e+01 4.751516584513055933e-50
4.730924097361000236e+01 4.743904307840041026e-50
4.763750236213646616e+01 4.736359707222284044e-50
4.796804143546572874e+01 4.728881948888119697e-50
4.830087399761322331e+01 4.721470217430665850e-50
4.863601596225270640e+01 4.714123715311173993e-50
4.897348335347697201e+01 4.706841662361361790e-50
4.931329230656412221e+01 4.699623295319755898e-50
4.965545906874899629e+01 4.692467867370586249e-50
4.999999999999999289e+01 4.685374647702420669e-50
5.034693157380139894e+01 4.678342921084262788e-50
5.069627037794075619e+01 4.671371987452318230e-50
5.104803311530231724e+01 4.664461161510357499e-50
5.140223660466548239e+01 4.657609772341542868e-50
5.175889778150880716e+01 4.650817163042297329e-50
5.211803369882010628e+01 4.644082690353692351e-50
5.247966152791137517e+01 4.637405724317561142e-50
5.284379855924019154e+01 4.630785647937471753e-50
5.321046220323622578e+01 4.624221856850847018e-50
5.357966999113354944e+01 4.617713759014392539e-50
5.395143957580922489e+01 4.611260774399674484e-50
5.432578873262691133e+01 4.604862334694641601e-50
5.470273536028711447e+01 4.598517883019765671e-50
5.508229748168283635e+01 4.592226873649892591e-50
5.546449324476112963e+01 4.585988771748086351e-50
5.584934092339118195e+01 4.579803053104498080e-50
5.623685891823758709e+01 4.573669203886190114e-50
5.662706575764056538e+01 4.567586720395862172e-50
5.701998009850164806e+01 4.561555108835077469e-50
5.741562072717555054e+01 4.555573885078255867e-50
5.781400656036881713e+01 4.549642574452373844e-50
5.821515664604383034e+01 4.543760711523190790e-50
5.861909016432991848e+01 4.537927839891016424e-50
5.902582642844026850e+01 4.532143511989938420e-50
5.943538488559515542e+01 4.526407288895084213e-50
5.984778511795219202e+01 4.520718740135172800e-50
6.026304684354212071e+01 4.515077443513117824e-50
6.068118991721201638e+01 4.509482984930490612e-50
6.110223433157442230e+01 4.503934958218030935e-50
6.152620021796307270e+01 4.498432964970184842e-50
6.195310784739583454e+01 4.492976614388934856e-50
6.238297763154347564e+01 4.487565523128229342e-50
6.281583012370606411e+01 4.482199315147100310e-50
6.325168601979518002e+01 4.476877621563823848e-50
6.369056615932391452e+01 4.471600080517414915e-50
6.413249152640305795e+01 4.466366337033224232e-50
6.457748325074419427e+01 4.461176042892270717e-50
6.502556260867048366e+01 4.456028856504877326e-50
6.547675102413337811e+01 4.450924442788429855e-50
6.593107006973741591e+01 4.445862473049302408e-50
6.638854146777151755e+01 4.440842624868493727e-50
6.684918709124731606e+01 4.435864581990527150e-50
6.731302896494554489e+01 4.430928034217308206e-50
6.778008926646843690e+01 4.426032677303784465e-50
6.825039032730067845e+01 4.421178212857660955e-50
6.872395463387690029e+01 4.416364348243546196e-50
6.920080482865657245e+01 4.411590796488369703e-50
6.968096371120716981e+01 4.406857276190620497e-50
7.016445423929364722e+01 4.402163511433639283e-50
7.065129952997666862e+01 4.397509231700433709e-50
7.114152286071765730e+01 4.392894171791503720e-50
7.163514767049153420e+01 4.388318071747003544e-50
7.213219756090792600e+01 4.383780676768899877e-50
7.263269629733905219e+01 4.379281737148364022e-50
7.313666781005647977e+01 4.374821008194325337e-50
7.364413619537515387e+01 4.370398250163376857e-50
7.415512571680521603e+01 4.366013228195974571e-50
7.466966080621266144e+01 4.361665712250108984e-50
7.518776606498691706e+01 4.357355477040291345e-50
7.570946626521758560e+01 4.353082301978732404e-50
7.623478635087872135e+01 4.348845971116625619e-50
7.676375143902112086e+01 4.344646273090324381e-50
7.729638682097392177e+01 4.340483001066338932e-50
7.783271796355309391e+01 4.336355952691709686e-50
7.837277051027973584e+01 4.332264930043503150e-50
7.891657028260588902e+01 4.328209739582071888e-50
7.946414328114889258e+01 4.324190192105662865e-50
8.001551568693507477e+01 4.320206102704915631e-50
8.057071386265099022e+01 4.316257290723469957e-50
8.112976435390434915e+01 4.312343579714975608e-50
8.169269389049308927e+01 4.308464797406824965e-50
8.225952938768311640e+01 4.304620775661434850e-50
8.283029794749575103e+01 4.300811350441150910e-50
8.340502686000294830e+01 4.297036361775254313e-50
8.398374360463265020e+01 4.293295653726948511e-50
8.456647585148242285e+01 4.289589074362124515e-50
8.515325146264220280e+01 4.285916475721511353e-50
8.574409849352703361e+01 4.282277713790910303e-50
8.633904519421778900e+01 4.278672648476294674e-50
8.693812001081251140e+01 4.275101143577821857e-50
8.754135158678624862e+01 4.271563066765524674e-50
8.814876876436026976e+01 4.268058289558618160e-50
8.876040058588178283e+01 4.264586687303221064e-50
8.937627629521176686e+01 4.261148139152275569e-50
8.999642533912381737e+01 4.257742528047381799e-50
9.062087736871187360e+01 4.254369740701838259e-50
9.124966224080760924e+01 4.251029667583806670e-50
9.188281001940860904e+01 4.247722202901839294e-50
9.252035097711508627e+01 4.244447244590568646e-50
9.316231559657798300e+01 4.241204694299289542e-50
9.380873457195606591e+01 4.237994457379330000e-50
9.445963881038331067e+01 4.234816442873589967e-50
9.511505943344727143e+01 4.231670563509437213e-50
9.577502777867637462e+01 4.228556735687629329e-50
9.643957540103887993e+01 4.225474879478013180e-50
9.710873407445130567e+01 4.222424918611583290e-50
9.778253579329744127e+01 4.219406780476652277e-50
9.846101277395865736e+01 4.216420396115295242e-50
9.914419745635355241e+01 4.213465700219625126e-50
9.983212250548965017e+01 4.210542631130524110e-50
1.005248208130249452e+02 4.207651130837438978e-50
1.012223254988401777e+02 4.204791144977959519e-50
1.019246699126232016e+02 4.201962622839095678e-50
1.026318876354625900e+02 4.199165517360324212e-50
1.033440124814540866e+02 4.196399785136327681e-50
1.040610784993169489e+02 4.193665386421457371e-50
1.047831199740216306e+02 4.190962285134802025e-50
1.055101714284298140e+02 4.188290448866857530e-50
1.062422676249441338e+02 4.185649848886374170e-50
1.069794435671710602e+02 4.183040460149094450e-50
1.077217345015942129e+02 4.180462261305321536e-50
1.084691759192592002e+02 4.177915234713392518e-50
1.092218035574714037e+02 4.175399366446538954e-50
1.099796534015037253e+02 4.172914646308850823e-50
1.107427616863179480e+02 4.170461067845211261e-50
1.115111648982969115e+02 4.168038628357559618e-50
1.122848997769886807e+02 4.165647328918915466e-50
1.130640033168639604e+02 4.163287174388828359e-50
1.138485127690839818e+02 4.160958173431619768e-50
1.146384656432825437e+02 4.158660338533350240e-50
1.154338997093584709e+02 4.156393686020628214e-50
1.162348529992823813e+02 4.154158236081406268e-50
1.170413638089146957e+02 4.151954012784078127e-50
1.178534706998363788e+02 4.149781044101630642e-50
1.186712125011934233e+02 4.147639361932669348e-50
1.194946283115525034e+02 4.145529002125738039e-50
1.203237575007711939e+02 4.143450004505757754e-50
1.211586397118800136e+02 4.141402412896655186e-50
1.219993148629774993e+02 4.139386275151619361e-50
1.228458231491396191e+02 4.137401643179949881e-50
1.236982050443406962e+02 4.135448572975319531e-50
1.245565013033894104e+02 4.133527124647080220e-50
1.254207529638770353e+02 4.131637362450764161e-50
1.262910013481392184e+02 4.129779354821186378e-50
1.271672880652325262e+02 4.127953174405296044e-50
1.280496550129229547e+02 4.126158898097539396e-50
1.289381443796900157e+02 4.124396607074367108e-50
1.298327986467436119e+02 4.122666386833243033e-50
1.307336605900545976e+02 4.120968327230067179e-50
1.316407732824011134e+02 4.119302522516938164e-50
1.325541800954269434e+02 4.117669071386357931e-50
1.334739247017160153e+02 4.116068077010471230e-50
1.344000510768803451e+02 4.114499647085570394e-50
1.353326035016620494e+02 4.112963893877935199e-50
1.362716265640515019e+02 4.111460934268302971e-50
1.372171651614182508e+02 4.109990889801054213e-50
1.381692645026584785e+02 4.108553886733001299e-50
1.391279701103562729e+02 4.107150056085143596e-50
1.400933278229597363e+02 4.105779533693652489e-50
1.410653837969736628e+02 4.104442460266451670e-50
1.420441845091651771e+02 4.103138981437758732e-50
1.430297767587870794e+02 4.101869247827825106e-50
1.440222076698148612e+02 4.100633415101439207e-50
1.450215246931995523e+02 4.099431644033070774e-50
1.460277756091373931e+02 4.098264100568670874e-50
1.470410085293531779e+02 4.097130955895405453e-50
1.480612718994017030e+02 4.096032386510347696e-50
1.490886145009836525e+02 4.094968574295328741e-50
1.501230854542774296e+02 4.093939706590517884e-50
1.511647342202889490e+02 4.092945976276348435e-50
1.522136106032151304e+02 4.091987581855962513e-50
1.532697647528263190e+02 4.091064727543276265e-50
1.543332471668637140e+02 4.090177623355960465e-50
1.554041086934531677e+02 4.089326485212229307e-50
1.564824005335376569e+02 4.088511535035346257e-50
1.575681742433239378e+02 4.087733000864611092e-50
1.586614817367487831e+02 4.086991116972520015e-50
1.597623752879606513e+02 4.086286123992741691e-50
1.608709075338185528e+02 4.085618269056894737e-50
1.619871314764099282e+02 4.084987805944648899e-50
1.631111004855834778e+02 4.084394995246199445e-50
1.642428683015021704e+02 4.083840104542446985e-50
1.653824890372121104e+02 4.083323408603639053e-50
1.665300171812293968e+02 4.082845189613048170e-50
1.676855076001465932e+02 4.082405737416921784e-50
1.688490155412545448e+02 4.082005349808025136e-50
1.700205966351852851e+02 4.081644332853861737e-50
1.712003068985712559e+02 4.081323001270739863e-50
1.723882027367231728e+02 4.081041678865039660e-50
1.735843409463281262e+02 4.080800699050373571e-50
1.747887787181637407e+02 4.080600405462529752e-50
1.760015736398339357e+02 4.080441152699656325e-50
1.772227836985217664e+02 4.080323307222312531e-50
1.784524672837614503e+02 4.080247248453120525e-50
1.796906831902314536e+02 4.080213370145224342e-50
1.809374906205640059e+02 4.080222082095808776e-50
1.821929491881772094e+02 4.080273812321570984e-50
1.834571189201246852e+02 4.080369009847049801e-50
1.847300602599650858e+02 4.080508148334488346e-50
1.860118340706534639e+02 4.080691730854713498e-50
1.873025016374496374e+02 4.080920296259151343e-50
1.886021246708498609e+02 4.081194427805878660e-50
1.899107653095367994e+02 4.081514765026419577e-50
1.912284861233499385e+02 4.081882020325155495e-50
1.925553501162786176e+02 4.082297002637735330e-50
1.938914207294728271e+02 4.082760651837423465e-50
1.952367618442779644e+02 4.083274089916533218e-50
1.965914377852884911e+02 4.083838699063888359e-50
1.979555133234229061e+02 4.084456244212682394e-50
1.993290536790221097e+02 4.085129071727802413e-50
2.007121245249660717e+02 4.085860443830721396e-50
2.021047919898154817e+02 4.086655126614270936e-50
2.035071226609719020e+02 4.087520478873693462e-50
2.049191835878630457e+02 4.088468598121526348e-50
2.063410422851477790e+02 4.089520888241648546e-50
2.077727667359437476e+02 4.090718775400387158e-50
2.092144253950791892e+02 4.092152276443030154e-50
2.106660871923644152e+02 4.094050889519201563e-50
2.121278215358888133e+02 4.097160437752735759e-50
2.135996983153390261e+02 4.105214987600750867e-50
2.150817879053397235e+02 4.176919800286617535e-50
2.165741611688201260e+02 4.243104947966971330e-50
2.180768894604002526e+02 4.110378652609258227e-50
2.195900446298042823e+02 4.103346357351630526e-50
2.211136990252950341e+02 4.102594475247844332e-50
2.226479254971327464e+02 4.103210811414131362e-50
2.241927974010595221e+02 4.104322598266201240e-50
2.257483886018050612e+02 4.105678858145881026e-50
2.273147734766199335e+02 4.107186228249351066e-50
2.288920269188310215e+02 4.108803901182532181e-50
2.304802243414216605e+02 4.110512008150750950e-50
2.320794416806390643e+02 4.112300147011470702e-50
2.336897553996231522e+02 4.114162623351104962e-50
2.353112424920640535e+02 4.116096266001887284e-50
2.369439804858827756e+02 4.118099341318384573e-50
2.385880474469372530e+02 4.120170977759704063e-50
2.402435219827566755e+02 4.122310844327453756e-50
2.419104832462978152e+02 4.124518962690759484e-50
2.435890109397315086e+02 4.126795593193553240e-50
2.452791853182525017e+02 4.129141163404608208e-50
2.469810871939160108e+02 4.131556222061300001e-50
2.486947979395033599e+02 4.134041408650530223e-50
2.504203994924105814e+02 4.136597432893947372e-50
2.521579743585679125e+02 4.139225060653030883e-50
2.539076056163837620e+02 4.141925104100505751e-50
2.556693769207162745e+02 4.144698414780141267e-50
2.574433725068748231e+02 4.147545878649274145e-50
2.592296771946456033e+02 4.150468412525111287e-50
2.610283763923487186e+02 4.153466961517499540e-50
2.628395561009211860e+02 4.156542497182675398e-50
2.646633029180280232e+02 4.159696016202923872e-50
2.664997040422045984e+02 4.162928539455974870e-50
2.683488472770237649e+02 4.166241111376245850e-50
2.702108210352957371e+02 4.169634799542402784e-50
2.720857143432946259e+02 4.173110694432491307e-50
2.739736168450143055e+02 4.176669909317162378e-50
2.758746188064563967e+02 4.180313580255291980e-50
2.777888111199438299e+02 4.184042866175193856e-50
2.797162853084688550e+02 4.187858949026670142e-50
2.816571335300678243e+02 4.191763033983001554e-50
2.836114485822271263e+02 4.195756349697090806e-50
2.855793239063216902e+02 4.199840148592350780e-50
2.875608535920806617e+02 4.204015707188022678e-50
2.895561323820878670e+02 4.208284326456384563e-50
2.915652556763112102e+02 4.212647332202919705e-50
2.935883195366627092e+02 4.217106075472386468e-50
2.956254206915940017e+02 4.221661932976139270e-50
2.976766565407184544e+02 4.226316307537351546e-50
2.997421251594703904e+02 4.231070628557395298e-50
3.018219253037934777e+02 4.235926352497823779e-50
3.039161564148614616e+02 4.240884963380837758e-50
3.060249186238351058e+02 4.245947973305258530e-50
3.081483127566470444e+02 4.251116922978553184e-50
3.102864403388250025e+02 4.256393382265540258e-50
3.124394036003446899e+02 4.261778950751589426e-50
3.146073054805171409e+02 4.267275258323312978e-50
3.167902496329126620e+02 4.272883965762911442e-50
3.189883404303140537e+02 4.278606765359499187e-50
3.212016829697095091e+02 4.284445381536176524e-50
3.234303830773163213e+02 4.290401571494106947e-50
3.256745473136401188e+02 4.296477125870887568e-50
3.279342829785717299e+02 4.302673869418230229e-50
3.302096981165151988e+02 4.308993661695473134e-50
3.325009015215558748e+02 4.315438397781364812e-50
3.348080027426610741e+02 4.322010009003139505e-50
3.371311120889170638e+02 4.328710463683949392e-50
3.394703406348055523e+02 4.335541767911391205e-50
3.418258002255118981e+02 4.342505966322853312e-50
3.441976034822747579e+02 4.349605142915940575e-50
3.465858638077702949e+02 4.356841421874721689e-50
3.489906953915329382e+02 4.364216968423594369e-50
3.514122132154175802e+02 4.371733989702612422e-50
3.538505330590944027e+02 4.379394735668396731e-50
3.563057715055872450e+02 4.387201500023018279e-50
3.587780459468463619e+02 4.395156621170800987e-50
3.612674745893606314e+02 4.403262483210860183e-50
3.637741764598115992e+02 4.411521516962480529e-50
3.662982714107614584e+02 4.419936201034996837e-50
3.688398801263868449e+02 4.428509062945838294e-50
3.713991241282458873e+02 4.437242680295682837e-50
3.739761257810910138e+02 4.446139682019457373e-50
3.765710082987187093e+02 4.455202749727834555e-50
3.791838957498594596e+02 4.464434619169651820e-50
3.818149130641124316e+02 4.473838081863411349e-50
3.844641860379156242e+02 4.483415986961707261e-50
3.871318413405634260e+02 4.493171243456061307e-50
3.898180065202618039e+02 4.503106822896662376e-50
3.925228100102253848e+02 4.513225762914103550e-50
3.952463811348213767e+02 4.523531172037578460e-50
3.979888501157492442e+02 4.534026236692990325e-50
4.007503480782701786e+02 4.544714232024215850e-50
4.035310070574753354e+02 4.555598539739837742e-50
4.063309600045972161e+02 4.566682679610613306e-50
4.091503407933698213e+02 4.577970369246546057e-50
4.119892842264259230e+02 4.589465647231355535e-50
4.148479260417452679e+02 4.601173152747475805e-50
4.177264029191435384e+02 4.613098843467715608e-50
4.206248524868058780e+02 4.625252168240517364e-50
4.235434133278704962e+02 4.637654418581696310e-50
4.264822249870512110e+02 4.650386375953959329e-50
4.294414279773124008e+02 4.664236849600221248e-50
4.324211637865862485e+02 4.700560759711128330e-50
4.354215748845361418e+02 4.689808555018399384e-50
4.384428047293717441e+02 4.702902676947988122e-50
4.414849977747045386e+02 4.716569255814325865e-50
4.445482994764578280e+02 4.730542319686590383e-50
4.476328562998199914e+02 4.744786533005428246e-50
4.507388157262458321e+02 4.759295898015777890e-50
4.538663262605115847e+02 4.774071283311328150e-50
4.570155374378115312e+02 4.789115791374051674e-50
4.601865998309110068e+02 4.804433443149967116e-50
4.633796650573440843e+02 4.820028720565673182e-50
4.665948857866619051e+02 4.835906383562111787e-50
4.698324157477349559e+02 4.852071389302798496e-50
4.730924097361000236e+02 4.868528854010723649e-50
4.763750236213644484e+02 4.885284034268980530e-50
4.796804143546572732e+02 4.902342317887158221e-50
4.830087399761322331e+02 4.919709219772494026e-50
4.863601596225273056e+02 4.937390380568678138e-50
4.897348335347697343e+02 4.955391566902437390e-50
4.931329230656409663e+02 4.973718672615076210e-50
4.965545906874899629e+02 4.992377720624337155e-50
4.999999999999999432e+02 5.011374865211506211e-50
5.034693157380134494e+02 5.030716394613661003e-50
5.069627037794076045e+02 5.050408733845142968e-50
5.104803311530232008e+02 5.070458447703689828e-50
5.140223660466548381e+02 5.090872243927137382e-50
5.175889778150880147e+02 5.111656976489236118e-50
5.211803369882004517e+02 5.132819649018406936e-50
5.247966152791137802e+02 5.154367418333230635e-50
5.284379855924019012e+02 5.176307598092132045e-50
5.321046220323622720e+02 5.198647662553082661e-50
5.357966999113355087e+02 5.221395250446265391e-50
5.395143957580917231e+02 5.244558168957801375e-50
5.432578873262691559e+02 5.268144397825310839e-50
5.470273536028711305e+02 5.292162093551540904e-50
5.508229748168283777e+02 5.316619593734480258e-50
5.546449324476112679e+02 5.341525421518863278e-50
5.584934092339112794e+02 5.366888290176992384e-50
5.623685891823758993e+02 5.392717107816100228e-50
5.662706575764057106e+02 5.419020982226897689e-50
5.701998009850165090e+02 5.445809225874226824e-50
5.741562072717555338e+02 5.473091361045781799e-50
5.781400656036876171e+02 5.500877125170670390e-50
5.821515664604382891e+02 5.529176476328631292e-50
5.861909016432991848e+02 5.557999598985043678e-50
5.902582642844026850e+02 5.587356910001003427e-50
5.943538488559515827e+02 5.617259065010919595e-50
5.984778511795212808e+02 5.647716965318209006e-50
6.026304684354212213e+02 5.678741765611229379e-50
6.068118991721202065e+02 5.710344883067365707e-50
6.110223433157442514e+02 5.742538009073178782e-50
6.152620021796307128e+02 5.775333126317333965e-50
6.195310784739577912e+02 5.808742538106201967e-50
6.238297763154347422e+02 5.842778928879612512e-50
6.281583012370599590e+02 5.877455516767265796e-50
6.325168601979518144e+02 5.912786536196203042e-50
6.369056615932391878e+02 5.948789304072117837e-50
6.413249152640298689e+02 5.985498956742536885e-50
6.457748325074419427e+02 6.023405228957437131e-50
6.502556260867041829e+02 6.061252475612930090e-50
6.547675102413337527e+02 6.099720084669897653e-50
6.593107006973741591e+02 6.139223684380390937e-50
6.638854146777144933e+02 6.179501400007825571e-50
6.684918709124732459e+02 6.220552551185776470e-50
6.731302896494547667e+02 6.262390072305815769e-50
6.778008926646843975e+02 6.305029503839887149e-50
6.825039032730068129e+02 6.348487367125786353e-50
6.872395463387682639e+02 6.392780787756314801e-50
6.920080482865656677e+02 6.437927386477949457e-50
6.968096371120709591e+02 6.483945245802810498e-50
7.016445423929365006e+02 6.530852902555120150e-50
7.065129952997667715e+02 6.578669350706592516e-50
7.114152286071758908e+02 6.627414048837587328e-50
7.163514767049153988e+02 6.677106929947781457e-50
7.213219756090785495e+02 6.727768412619223879e-50
7.263269629733905504e+02 6.779419413068562242e-50
7.313666781005648545e+02 6.832081357860214133e-50
7.364413619537507429e+02 6.885776197167919720e-50
7.415512571680520750e+02 6.940526418524265923e-50
7.466966080621258470e+02 6.996355061034086166e-50
7.518776606498690853e+02 7.053285730041912538e-50
7.570946626521758844e+02 7.111342612247738391e-50
7.623478635087872135e+02 7.170550491282871593e-50
7.676375143902112086e+02 7.230934763752286969e-50
7.729638682097383935e+02 7.292521455755975070e-50
7.783271796355309107e+02 7.355337239909758754e-50
7.837277051027973584e+02 7.419409452885231499e-50
7.891657028260589186e+02 7.484766113499693251e-50
7.946414328114889258e+02 7.551435941394525654e-50
8.001551568693499803e+02 7.619448376374129296e-50
8.057071386265098454e+02 7.688833598511600516e-50
8.112976435390434062e+02 7.759622549237622973e-50
8.169269389049309211e+02 7.831846953852281439e-50
8.225952938768310787e+02 7.905539346482987966e-50
8.283029794749566008e+02 7.980733100077992139e-50
8.340502686000294261e+02 8.057462469014881271e-50
8.398374360463265020e+02 8.135762670329096700e-50
8.456647585148242570e+02 8.215670116420305585e-50
8.515325146264220848e+02 8.297223503114146452e-50
8.574409849352695119e+02 8.380474681455193333e-50
8.633904519421778332e+02 8.483371768258989228e-50
8.693812001081250855e+02 8.552137455280448154e-50
8.754135158678624293e+02 8.640624279066177951e-50
8.814876876436027260e+02 8.730973067885136110e-50
8.876040058588170041e+02 8.823209863037988950e-50
8.937627629521176686e+02 8.917376751336262226e-50
8.999642533912381168e+02 9.013518455192124339e-50
9.062087736871186507e+02 9.111681185615161106e-50
9.124966224080760639e+02 9.211912456150463237e-50
9.188281001940850956e+02 9.314261058492206105e-50
9.252035097711509479e+02 9.418777078148117531e-50
9.316231559657798016e+02 9.525511923153379569e-50
9.380873457195606306e+02 9.634518358206047490e-50
9.445963881038330783e+02 9.745850541714362475e-50
9.511505943344717480e+02 9.859564064831441059e-50
9.577502777867638315e+02 9.975715992102826640e-50
9.643957540103887141e+02 1.009436490360311123e-49
9.710873407445130852e+02 1.021557093850340634e-49
9.778253579329743843e+02 1.033939584009105457e-49
9.846101277395855504e+02 1.046590300226125868e-49
9.914419745635356094e+02 1.059515751753151109e-49
9.983212250548965585e+02 1.072722622664465834e-49
1.005248208130249395e+03 1.086217776983812259e-49
1.012223254988401777e+03 1.100008263989926966e-49
1.019246699126230965e+03 1.114101323719407009e-49
1.026318876354625900e+03 1.128504392701595657e-49
1.033440124814540923e+03 1.143225110004936429e-49
1.040610784993169545e+03 1.158271323802992780e-49
1.047831199740216334e+03 1.173651099129021540e-49
1.055101714284297032e+03 1.189372729501588319e-49
1.062422676249441338e+03 1.205444767303999470e-49
1.069794435671710517e+03 1.221876220062360355e-49
1.077217345015942101e+03 1.238686471972805692e-49
1.084691759192592144e+03 1.255853088768669291e-49
1.092218035574712985e+03 1.273414538697783324e-49
1.099796534015037196e+03 1.291374053056068604e-49
1.107427616863179537e+03 1.309740283716629625e-49
1.115111648982969200e+03 1.328523428568856926e-49
1.122848997769886864e+03 1.347734061921104984e-49
1.130640033168638411e+03 1.367383073126224550e-49
1.138485127690839818e+03 1.387481664794490337e-49
1.146384656432824158e+03 1.408041360037969828e-49
1.154338997093584794e+03 1.429074012107041132e-49
1.162348529992823842e+03 1.450591815093774544e-49
1.170413638089145707e+03 1.472607315388960782e-49
1.178534706998363845e+03 1.495133423836590968e-49
1.186712125011933040e+03 1.518183428619852720e-49
1.194946283115524921e+03 1.541771008952834686e-49
1.203237575007711939e+03 1.565910249685907686e-49
1.211586397118798914e+03 1.590615656965324886e-49
1.219993148629774851e+03 1.615902175127035911e-49
1.228458231491394827e+03 1.641785205061144498e-49
1.236982050443406933e+03 1.668280624359647053e-49
1.245565013033894047e+03 1.695404809685202937e-49
1.254207529638769074e+03 1.723174662046167012e-49
1.262910013481392070e+03 1.751607636337444852e-49
1.271672880652324011e+03 1.780721779477597509e-49
1.280496550129229490e+03 1.810535804836500194e-49
1.289381443796900385e+03 1.841069793174963011e-49
1.298327986467434812e+03 1.872344640324867064e-49
1.307336605900545919e+03 1.904373320816002476e-49
1.316407732824009827e+03 1.937187059945060250e-49
1.325541800954269320e+03 1.970805285237067371e-49
1.334739247017160324e+03 2.005251682315595021e-49
1.344000510768802087e+03 2.040551321039528705e-49
1.353326035016620381e+03 2.076730842055034874e-49
1.362716265640513711e+03 2.113818810048854821e-49
1.372171651614182565e+03 2.151846235279180991e-49
1.381692645026584842e+03 2.190847350597464248e-49
1.391279701103562729e+03 2.230860801068882823e-49
1.400933278229597590e+03 2.271931524736608108e-49
1.410653837969735150e+03 2.314113835885676100e-49
1.420441845091651885e+03 2.357476692920405791e-49
1.430297767587870794e+03 2.402113140483795920e-49
1.440222076698148840e+03 2.448158220057867963e-49
1.450215246931995580e+03 2.495825353351738813e-49
1.460277756091372339e+03 2.545486809655476394e-49
1.470410085293531665e+03 2.597872162096933357e-49
1.480612718994017087e+03 2.654634574945280194e-49
1.490886145009836582e+03 2.720340588109880826e-49
1.501230854542774523e+03 2.812145040344527148e-49
1.511647342202888012e+03 3.048453942474252777e-49
1.522136106032151247e+03 1.759913439089158457e-48
1.532697647528263133e+03 3.348169939200847172e-49
1.543332471668637027e+03 3.050287760399469007e-49
1.554041086934531677e+03 3.055168637037937491e-49
1.564824005335374977e+03 3.098250891080853806e-49
1.575681742433239378e+03 3.152735861183628246e-49
1.586614817367487831e+03 3.212537039656202661e-49
1.597623752879606627e+03 3.275693906025859961e-49
1.608709075338185585e+03 3.341442620357297537e-49
1.619871314764097406e+03 3.409454461077018990e-49
1.631111004855834835e+03 3.479585455451856204e-49
1.642428683015021534e+03 3.551779724484548718e-49
1.653824890372120990e+03 3.626027506309627349e-49
1.665300171812294138e+03 3.702345206604286146e-49
1.676855076001464113e+03 3.780765221060633846e-49
1.688490155412545391e+03 3.861330441958529065e-49
1.700205966351852794e+03 3.944091159841050558e-49
1.712003068985712616e+03 4.029103282672632052e-49
1.723882027367231785e+03 4.116429918528208967e-49
1.735843409463279386e+03 4.206126817960992679e-49
1.747887787181637350e+03 4.298269817386033537e-49
1.760015736398339186e+03 4.392927330451485312e-49
1.772227836985217436e+03 4.490173112063827919e-49
1.784524672837614617e+03 4.590084060976644725e-49
1.796906831902312661e+03 4.692740092084165239e-49
1.809374906205639945e+03 4.798224156782209178e-49
1.821929491881772037e+03 4.906622297355730308e-49
1.834571189201246852e+03 5.018023724098385593e-49
1.847300602599651029e+03 5.132520911012541348e-49
1.860118340706532763e+03 5.250209708132653272e-49
1.873025016374496317e+03 5.371189469864236443e-49
1.886021246708498438e+03 5.495563199881506402e-49
1.899107653095367823e+03 5.623437714433951324e-49
1.912284861233499214e+03 5.754923828462907103e-49
1.925553501162784187e+03 5.890136585391903925e-49
1.938914207294728385e+03 6.029197058919511838e-49
1.952367618442779758e+03 6.172224478506160378e-49
1.965914377852884854e+03 6.319352893942725142e-49
1.979555133234229061e+03 6.470715671713127337e-49
1.993290536790218994e+03 6.626453474298299592e-49
2.007121245249660660e+03 6.786713777876051046e-49
2.021047919898152713e+03 6.951651753034096857e-49
2.035071226609719133e+03 7.121431636652277366e-49
2.049191835878630627e+03 7.296228787064735384e-49
2.063410422851475687e+03 7.476232900301777359e-49
2.077727667359437419e+03 7.661653302973186884e-49
2.092144253950789789e+03 7.852728163160903520e-49
2.106660871923644208e+03 8.049741573602466401e-49
2.121278215358888247e+03 8.253057709253311717e-49
2.135996983153388101e+03 8.463195731424607896e-49
2.150817879053397064e+03 8.681014911600986565e-49
2.165741611688199100e+03 8.908248999972483270e-49
2.180768894604002526e+03 9.149470200426096352e-49
2.195900446298042880e+03 9.422670053478783192e-49
2.211136990252948181e+03 9.892869563366045435e-49
2.226479254971327464e+03 1.440188086395319162e-48
2.241927974010592607e+03 1.014725635556447137e-48
2.257483886018050725e+03 1.035263621790839756e-48
2.273147734766199392e+03 1.061442439030329149e-48
2.288920269188307884e+03 1.089146318242863044e-48
2.304802243414216719e+03 1.117876489727063890e-48
2.320794416806388199e+03 1.147542640866499509e-48
2.336897553996231636e+03 1.178139084381960698e-48
2.353112424920640478e+03 1.209684232783057929e-48
2.369439804858825028e+03 1.242205201049913400e-48
2.385880474469372530e+03 1.275732366389987643e-48
2.402435219827564197e+03 1.310298849200684616e-48
2.419104832462978266e+03 1.345938637043552792e-48
2.435890109397314973e+03 1.382686847456251153e-48
2.452791853182522573e+03 1.420579471022954323e-48
2.469810871939159824e+03 1.459653259726542984e-48
2.486947979395030870e+03 1.499945631400129815e-48
2.504203994924105700e+03 1.541494566759439324e-48
2.521579743585678898e+03 1.584338487594800325e-48
2.539076056163837620e+03 1.628516108218550674e-48
2.556693769207162859e+03 1.674066253538380389e-48
2.574433725068745844e+03 1.721027640804227820e-48
2.592296771946456374e+03 1.769438667544306964e-48
2.610283763923487186e+03 1.819336705634097832e-48
2.628395561009212088e+03 1.870758526226196320e-48
2.646633029180280118e+03 1.923738982693859179e-48
2.664997040422043483e+03 1.978310874668442558e-48
2.683488472770237877e+03 2.034504197624321717e-48
2.702108210352957030e+03 2.092345350378695445e-48
2.720857143432946032e+03 2.151856199617535478e-48
2.739736168450142941e+03 2.213052977383381389e-48
2.758746188064561011e+03 2.275944984884257430e-48
2.777888111199438299e+03 2.340533072970928962e-48
2.797162853084688322e+03 2.406807902015221985e-48
2.816571335300678584e+03 2.474747661844361637e-48
2.836114485822271490e+03 2.544316059483583252e-48
2.855793239063214060e+03 2.615459146398275042e-48
2.875608535920806389e+03 2.688102234152895038e-48
2.895561323820878897e+03 2.762146158860311782e-48
2.915652556763111988e+03 2.837463007875073139e-48
2.935883195366627206e+03 2.913891256867521712e-48
2.956254206915937175e+03 2.991230265270710378e-48
2.976766565407184771e+03 3.069234111866106159e-48
2.997421251594703790e+03 3.147604623384346165e-48
3.018219253037934777e+03 3.226010747000337755e-48
3.039161564148614616e+03 3.303946373657745186e-48
3.060249186238348102e+03 3.380989313910225047e-48
3.081483127566470557e+03 3.456524621920578131e-48
3.102864403388249684e+03 3.529869313658302830e-48
3.124394036003446672e+03 3.600236949559821935e-48
3.146073054805171523e+03 3.666729990951047954e-48
3.167902496329123551e+03 3.728333998161877222e-48
3.189883404303140651e+03 3.783914718556579925e-48
3.212016829697095091e+03 3.832219364608436016e-48
3.234303830773163099e+03 3.871887745789831478e-48
3.256745473136400960e+03 3.901446019876809715e-48
3.279342829785714002e+03 3.919371863063992156e-48
3.302096981165152101e+03 3.924087746928881526e-48
3.325009015215558520e+03 3.914028763692791348e-48
3.348080027426610741e+03 3.887698647348926001e-48
3.371311120889170525e+03 3.843742543506643519e-48
3.394703406348052340e+03 3.781030405142522002e-48
3.418258002255118754e+03 3.698747117452670219e-48
3.441976034822747806e+03 3.596483437819975475e-48
3.465858638077703290e+03 3.474319411615301660e-48
3.489906953915329723e+03 3.332892392781395880e-48
3.514122132154172050e+03 3.173437924565858595e-48
3.538505330590944141e+03 2.997797342007319267e-48
3.563057715055871995e+03 2.808385312158499643e-48
3.587780459468463505e+03 2.608116304522385339e-48
3.612674745893606541e+03 2.400293590249439337e-48
3.637741764598112240e+03 2.188469321618210159e-48
3.662982714107614811e+03 1.976313871898995928e-48
3.688398801263864698e+03 1.767328561459294025e-48
3.713991241282458759e+03 1.564957019800718090e-48
3.739761257810910138e+03 1.372205310286159155e-48
3.765710082987183341e+03 1.191680619132385505e-48
3.791838957498594937e+03 1.025510959129015456e-48
3.818149130641120337e+03 8.753254192680027847e-49
3.844641860379156242e+03 7.422649662305145217e-49
3.871318413405634146e+03 6.270174026375462792e-49
3.898180065202614060e+03 5.298689103048063783e-49
3.925228100102254302e+03 4.507657635001878868e-49
3.952463811348209674e+03 3.893787650295603605e-49
3.979888501157492556e+03 3.451667358691660608e-49
4.007503480782701899e+03 3.174349250287991129e-49
4.035310070574748806e+03 3.053864558685121968e-49
4.063309600045972275e+03 3.081658140383059973e-49
4.091503407933694234e+03 3.248949329104171296e-49
4.119892842264259343e+03 3.546977269062523155e-49
4.148479260417452679e+03 3.967277283837706847e-49
4.177264029191431291e+03 4.501765309040201298e-49
4.206248524868058666e+03 5.142872411328343138e-49
4.235434133278700756e+03 5.883600293868617670e-49
4.264822249870511769e+03 6.717552858418026814e-49
4.294414279773124690e+03 7.638944608463139817e-49
4.324211637865858393e+03 8.642591819113312117e-49
4.354215748845361304e+03 9.723892146794539135e-49
4.384428047293712552e+03 1.087879570412456025e-48
4.414849977747045159e+03 1.210377150595627336e-48
4.445482994764578507e+03 1.339577134519439669e-48
4.476328562998200141e+03 1.475219279592898541e-48
4.507388157262457753e+03 1.617084259535342487e-48
4.538663262605111413e+03 1.764990130576487371e-48
4.570155374378115084e+03 1.918788982276405136e-48
4.601865998309110182e+03 2.078363790964938356e-48
4.633796650573441184e+03 2.243625508312985444e-48
4.665948857866618710e+03 2.414510389917990166e-48
4.698324157477344670e+03 2.590977555159771493e-48
4.730924097361000349e+03 2.773006786517806322e-48
4.763750236213644712e+03 2.960596491807769280e-48
4.796804143546572959e+03 3.153762032896272058e-48
4.830087399761322558e+03 3.352534071533403720e-48
4.863601596225267713e+03 3.556957293999797064e-48
4.897348335347696775e+03 3.767089342390864702e-48
4.931329230656409891e+03 3.983000101816986522e-48
4.965545906874899629e+03 4.204771507377118729e-48
4.999999999999999091e+03 4.432498260593782589e-48
